[[1 2 1 ... 8 9 6]
 [2 5 5 ... 3 5 3]
 [5 1 4 ... 1 9 2]
 ...
 [1 1 9 ... 9 7 4]
 [7 3 6 ... 3 6 5]
 [6 1 3 ... 2 1 1]]
[[0. 2. 0. ... 0. 0. 0.]
 [2. 0. 0. ... 0. 0. 0.]
 [0. 0. 0. ... 0. 0. 0.]
 ...
 [0. 0. 0. ... 0. 0. 0.]
 [0. 0. 0. ... 0. 0. 0.]
 [0. 0. 0. ... 0. 0. 0.]]
[[0. 2. 3. ... 0. 0. 0.]
 [2. 7. 0. ... 0. 0. 0.]
 [7. 0. 0. ... 0. 0. 0.]
 ...
 [0. 0. 0. ... 0. 0. 0.]
 [0. 0. 0. ... 0. 0. 0.]
 [0. 0. 0. ... 0. 0. 0.]]
[[0. 2. 3. ... 0. 0. 0.]
 [2. 7. 8. ... 0. 0. 0.]
 [7. 8. 0. ... 0. 0. 0.]
 ...
 [0. 0. 0. ... 0. 0. 0.]
 [0. 0. 0. ... 0. 0. 0.]
 [0. 0. 0. ... 0. 0. 0.]]
[[ 0.  2.  3. ...  0.  0.  0.]
 [ 2.  7.  8. ...  0.  0.  0.]
 [ 7.  8. 12. ...  0.  0.  0.]
 ...
 [ 0.  0.  0. ...  0.  0.  0.]
 [ 0.  0.  0. ...  0.  0.  0.]
 [ 0.  0.  0. ...  0.  0.  0.]]
[[ 0.  2.  3. ...  0.  0.  0.]
 [ 2.  7.  8. ...  0.  0.  0.]
 [ 7.  8. 12. ...  0.  0.  0.]
 ...
 [ 0.  0.  0. ...  0.  0.  0.]
 [ 0.  0.  0. ...  0.  0.  0.]
 [ 0.  0.  0. ...  0.  0.  0.]]
[[ 0.  2.  3. ...  0.  0.  0.]
 [ 2.  7.  8. ...  0.  0.  0.]
 [ 7.  8. 12. ...  0.  0.  0.]
 ...
 [ 0.  0.  0. ...  0.  0.  0.]
 [ 0.  0.  0. ...  0.  0.  0.]
 [ 0.  0.  0. ...  0.  0.  0.]]
[[ 0.  2.  3. ...  0.  0.  0.]
 [ 2.  7.  8. ...  0.  0.  0.]
 [ 7.  8. 12. ...  0.  0.  0.]
 ...
 [ 0.  0.  0. ...  0.  0.  0.]
 [ 0.  0.  0. ...  0.  0.  0.]
 [ 0.  0.  0. ...  0.  0.  0.]]
[[ 0.  2.  3. ...  0.  0.  0.]
 [ 2.  7.  8. ...  0.  0.  0.]
 [ 7.  8. 12. ...  0.  0.  0.]
 ...
 [ 0.  0.  0. ...  0.  0.  0.]
 [ 0.  0.  0. ...  0.  0.  0.]
 [ 0.  0.  0. ...  0.  0.  0.]]
[[ 0.  2.  3. ...  0.  0.  0.]
 [ 2.  7.  8. ...  0.  0.  0.]
 [ 7.  8. 12. ...  0.  0.  0.]
 ...
 [ 0.  0.  0. ...  0.  0.  0.]
 [ 0.  0.  0. ...  0.  0.  0.]
 [ 0.  0.  0. ...  0.  0.  0.]]
[[ 0.  2.  3. ...  0.  0.  0.]
 [ 2.  7.  8. ...  0.  0.  0.]
 [ 7.  8. 12. ...  0.  0.  0.]
 ...
 [ 0.  0.  0. ...  0.  0.  0.]
 [ 0.  0.  0. ...  0.  0.  0.]
 [ 0.  0.  0. ...  0.  0.  0.]]
[[ 0.  2.  3. ...  0.  0.  0.]
 [ 2.  7.  8. ...  0.  0.  0.]
 [ 7.  8. 12. ...  0.  0.  0.]
 ...
 [ 0.  0.  0. ...  0.  0.  0.]
 [ 0.  0.  0. ...  0.  0.  0.]
 [ 0.  0.  0. ...  0.  0.  0.]]
[[ 0.  2.  3. ...  0.  0.  0.]
 [ 2.  7.  8. ...  0.  0.  0.]
 [ 7.  8. 12. ...  0.  0.  0.]
 ...
 [ 0.  0.  0. ...  0.  0.  0.]
 [ 0.  0.  0. ...  0.  0.  0.]
 [ 0.  0.  0. ...  0.  0.  0.]]
[[ 0.  2.  3. ...  0.  0.  0.]
 [ 2.  7.  8. ...  0.  0.  0.]
 [ 7.  8. 12. ...  0.  0.  0.]
 ...
 [ 0.  0.  0. ...  0.  0.  0.]
 [ 0.  0.  0. ...  0.  0.  0.]
 [ 0.  0.  0. ...  0.  0.  0.]]
[[ 0.  2.  3. ...  0.  0.  0.]
 [ 2.  7.  8. ...  0.  0.  0.]
 [ 7.  8. 12. ...  0.  0.  0.]
 ...
 [ 0.  0.  0. ...  0.  0.  0.]
 [ 0.  0.  0. ...  0.  0.  0.]
 [ 0.  0.  0. ...  0.  0.  0.]]
[[ 0.  2.  3. ...  0.  0.  0.]
 [ 2.  7.  8. ...  0.  0.  0.]
 [ 7.  8. 12. ...  0.  0.  0.]
 ...
 [ 0.  0.  0. ...  0.  0.  0.]
 [ 0.  0.  0. ...  0.  0.  0.]
 [ 0.  0.  0. ...  0.  0.  0.]]
[[ 0.  2.  3. ...  0.  0.  0.]
 [ 2.  7.  8. ...  0.  0.  0.]
 [ 7.  8. 12. ...  0.  0.  0.]
 ...
 [ 0.  0.  0. ...  0.  0.  0.]
 [ 0.  0.  0. ...  0.  0.  0.]
 [ 0.  0.  0. ...  0.  0.  0.]]
[[ 0.  2.  3. ...  0.  0.  0.]
 [ 2.  7.  8. ...  0.  0.  0.]
 [ 7.  8. 12. ...  0.  0.  0.]
 ...
 [ 0.  0.  0. ...  0.  0.  0.]
 [ 0.  0.  0. ...  0.  0.  0.]
 [ 0.  0.  0. ...  0.  0.  0.]]
[[ 0.  2.  3. ...  0.  0.  0.]
 [ 2.  7.  8. ...  0.  0.  0.]
 [ 7.  8. 12. ...  0.  0.  0.]
 ...
 [ 0.  0.  0. ...  0.  0.  0.]
 [ 0.  0.  0. ...  0.  0.  0.]
 [ 0.  0.  0. ...  0.  0.  0.]]
[[ 0.  2.  3. ...  0.  0.  0.]
 [ 2.  7.  8. ...  0.  0.  0.]
 [ 7.  8. 12. ...  0.  0.  0.]
 ...
 [ 0.  0.  0. ...  0.  0.  0.]
 [ 0.  0.  0. ...  0.  0.  0.]
 [ 0.  0.  0. ...  0.  0.  0.]]
[[ 0.  2.  3. ...  0.  0.  0.]
 [ 2.  7.  8. ...  0.  0.  0.]
 [ 7.  8. 12. ...  0.  0.  0.]
 ...
 [ 0.  0.  0. ...  0.  0.  0.]
 [ 0.  0.  0. ...  0.  0.  0.]
 [ 0.  0.  0. ...  0.  0.  0.]]
[[ 0.  2.  3. ...  0.  0.  0.]
 [ 2.  7.  8. ...  0.  0.  0.]
 [ 7.  8. 12. ...  0.  0.  0.]
 ...
 [ 0.  0.  0. ...  0.  0.  0.]
 [ 0.  0.  0. ...  0.  0.  0.]
 [ 0.  0.  0. ...  0.  0.  0.]]
[[ 0.  2.  3. ...  0.  0.  0.]
 [ 2.  7.  8. ...  0.  0.  0.]
 [ 7.  8. 12. ...  0.  0.  0.]
 ...
 [ 0.  0.  0. ...  0.  0.  0.]
 [ 0.  0.  0. ...  0.  0.  0.]
 [ 0.  0.  0. ...  0.  0.  0.]]
[[ 0.  2.  3. ...  0.  0.  0.]
 [ 2.  7.  8. ...  0.  0.  0.]
 [ 7.  8. 12. ...  0.  0.  0.]
 ...
 [ 0.  0.  0. ...  0.  0.  0.]
 [ 0.  0.  0. ...  0.  0.  0.]
 [ 0.  0.  0. ...  0.  0.  0.]]
[[ 0.  2.  3. ...  0.  0.  0.]
 [ 2.  7.  8. ...  0.  0.  0.]
 [ 7.  8. 12. ...  0.  0.  0.]
 ...
 [ 0.  0.  0. ...  0.  0.  0.]
 [ 0.  0.  0. ...  0.  0.  0.]
 [ 0.  0.  0. ...  0.  0.  0.]]
[[ 0.  2.  3. ...  0.  0.  0.]
 [ 2.  7.  8. ...  0.  0.  0.]
 [ 7.  8. 12. ...  0.  0.  0.]
 ...
 [ 0.  0.  0. ...  0.  0.  0.]
 [ 0.  0.  0. ...  0.  0.  0.]
 [ 0.  0.  0. ...  0.  0.  0.]]
[[ 0.  2.  3. ...  0.  0.  0.]
 [ 2.  7.  8. ...  0.  0.  0.]
 [ 7.  8. 12. ...  0.  0.  0.]
 ...
 [ 0.  0.  0. ...  0.  0.  0.]
 [ 0.  0.  0. ...  0.  0.  0.]
 [ 0.  0.  0. ...  0.  0.  0.]]
[[ 0.  2.  3. ...  0.  0.  0.]
 [ 2.  7.  8. ...  0.  0.  0.]
 [ 7.  8. 12. ...  0.  0.  0.]
 ...
 [ 0.  0.  0. ...  0.  0.  0.]
 [ 0.  0.  0. ...  0.  0.  0.]
 [ 0.  0.  0. ...  0.  0.  0.]]
[[ 0.  2.  3. ...  0.  0.  0.]
 [ 2.  7.  8. ...  0.  0.  0.]
 [ 7.  8. 12. ...  0.  0.  0.]
 ...
 [ 0.  0.  0. ...  0.  0.  0.]
 [ 0.  0.  0. ...  0.  0.  0.]
 [ 0.  0.  0. ...  0.  0.  0.]]
[[ 0.  2.  3. ...  0.  0.  0.]
 [ 2.  7.  8. ...  0.  0.  0.]
 [ 7.  8. 12. ...  0.  0.  0.]
 ...
 [ 0.  0.  0. ...  0.  0.  0.]
 [ 0.  0.  0. ...  0.  0.  0.]
 [ 0.  0.  0. ...  0.  0.  0.]]
[[ 0.  2.  3. ...  0.  0.  0.]
 [ 2.  7.  8. ...  0.  0.  0.]
 [ 7.  8. 12. ...  0.  0.  0.]
 ...
 [ 0.  0.  0. ...  0.  0.  0.]
 [ 0.  0.  0. ...  0.  0.  0.]
 [ 0.  0.  0. ...  0.  0.  0.]]
[[ 0.  2.  3. ...  0.  0.  0.]
 [ 2.  7.  8. ...  0.  0.  0.]
 [ 7.  8. 12. ...  0.  0.  0.]
 ...
 [ 0.  0.  0. ...  0.  0.  0.]
 [ 0.  0.  0. ...  0.  0.  0.]
 [ 0.  0.  0. ...  0.  0.  0.]]
[[ 0.  2.  3. ...  0.  0.  0.]
 [ 2.  7.  8. ...  0.  0.  0.]
 [ 7.  8. 12. ...  0.  0.  0.]
 ...
 [ 0.  0.  0. ...  0.  0.  0.]
 [ 0.  0.  0. ...  0.  0.  0.]
 [ 0.  0.  0. ...  0.  0.  0.]]
[[ 0.  2.  3. ...  0.  0.  0.]
 [ 2.  7.  8. ...  0.  0.  0.]
 [ 7.  8. 12. ...  0.  0.  0.]
 ...
 [ 0.  0.  0. ...  0.  0.  0.]
 [ 0.  0.  0. ...  0.  0.  0.]
 [ 0.  0.  0. ...  0.  0.  0.]]
[[ 0.  2.  3. ...  0.  0.  0.]
 [ 2.  7.  8. ...  0.  0.  0.]
 [ 7.  8. 12. ...  0.  0.  0.]
 ...
 [ 0.  0.  0. ...  0.  0.  0.]
 [ 0.  0.  0. ...  0.  0.  0.]
 [ 0.  0.  0. ...  0.  0.  0.]]
[[ 0.  2.  3. ...  0.  0.  0.]
 [ 2.  7.  8. ...  0.  0.  0.]
 [ 7.  8. 12. ...  0.  0.  0.]
 ...
 [ 0.  0.  0. ...  0.  0.  0.]
 [ 0.  0.  0. ...  0.  0.  0.]
 [ 0.  0.  0. ...  0.  0.  0.]]
[[ 0.  2.  3. ...  0.  0.  0.]
 [ 2.  7.  8. ...  0.  0.  0.]
 [ 7.  8. 12. ...  0.  0.  0.]
 ...
 [ 0.  0.  0. ...  0.  0.  0.]
 [ 0.  0.  0. ...  0.  0.  0.]
 [ 0.  0.  0. ...  0.  0.  0.]]
[[ 0.  2.  3. ...  0.  0.  0.]
 [ 2.  7.  8. ...  0.  0.  0.]
 [ 7.  8. 12. ...  0.  0.  0.]
 ...
 [ 0.  0.  0. ...  0.  0.  0.]
 [ 0.  0.  0. ...  0.  0.  0.]
 [ 0.  0.  0. ...  0.  0.  0.]]
[[ 0.  2.  3. ...  0.  0.  0.]
 [ 2.  7.  8. ...  0.  0.  0.]
 [ 7.  8. 12. ...  0.  0.  0.]
 ...
 [ 0.  0.  0. ...  0.  0.  0.]
 [ 0.  0.  0. ...  0.  0.  0.]
 [ 0.  0.  0. ...  0.  0.  0.]]
[[ 0.  2.  3. ...  0.  0.  0.]
 [ 2.  7.  8. ...  0.  0.  0.]
 [ 7.  8. 12. ...  0.  0.  0.]
 ...
 [ 0.  0.  0. ...  0.  0.  0.]
 [ 0.  0.  0. ...  0.  0.  0.]
 [ 0.  0.  0. ...  0.  0.  0.]]
[[ 0.  2.  3. ...  0.  0.  0.]
 [ 2.  7.  8. ...  0.  0.  0.]
 [ 7.  8. 12. ...  0.  0.  0.]
 ...
 [ 0.  0.  0. ...  0.  0.  0.]
 [ 0.  0.  0. ...  0.  0.  0.]
 [ 0.  0.  0. ...  0.  0.  0.]]
[[ 0.  2.  3. ...  0.  0.  0.]
 [ 2.  7.  8. ...  0.  0.  0.]
 [ 7.  8. 12. ...  0.  0.  0.]
 ...
 [ 0.  0.  0. ...  0.  0.  0.]
 [ 0.  0.  0. ...  0.  0.  0.]
 [ 0.  0.  0. ...  0.  0.  0.]]
[[ 0.  2.  3. ...  0.  0.  0.]
 [ 2.  7.  8. ...  0.  0.  0.]
 [ 7.  8. 12. ...  0.  0.  0.]
 ...
 [ 0.  0.  0. ...  0.  0.  0.]
 [ 0.  0.  0. ...  0.  0.  0.]
 [ 0.  0.  0. ...  0.  0.  0.]]
[[ 0.  2.  3. ...  0.  0.  0.]
 [ 2.  7.  8. ...  0.  0.  0.]
 [ 7.  8. 12. ...  0.  0.  0.]
 ...
 [ 0.  0.  0. ...  0.  0.  0.]
 [ 0.  0.  0. ...  0.  0.  0.]
 [ 0.  0.  0. ...  0.  0.  0.]]
[[ 0.  2.  3. ...  0.  0.  0.]
 [ 2.  7.  8. ...  0.  0.  0.]
 [ 7.  8. 12. ...  0.  0.  0.]
 ...
 [ 0.  0.  0. ...  0.  0.  0.]
 [ 0.  0.  0. ...  0.  0.  0.]
 [ 0.  0.  0. ...  0.  0.  0.]]
[[ 0.  2.  3. ...  0.  0.  0.]
 [ 2.  7.  8. ...  0.  0.  0.]
 [ 7.  8. 12. ...  0.  0.  0.]
 ...
 [ 0.  0.  0. ...  0.  0.  0.]
 [ 0.  0.  0. ...  0.  0.  0.]
 [ 0.  0.  0. ...  0.  0.  0.]]
[[ 0.  2.  3. ...  0.  0.  0.]
 [ 2.  7.  8. ...  0.  0.  0.]
 [ 7.  8. 12. ...  0.  0.  0.]
 ...
 [ 0.  0.  0. ...  0.  0.  0.]
 [ 0.  0.  0. ...  0.  0.  0.]
 [ 0.  0.  0. ...  0.  0.  0.]]
[[ 0.  2.  3. ...  0.  0.  0.]
 [ 2.  7.  8. ...  0.  0.  0.]
 [ 7.  8. 12. ...  0.  0.  0.]
 ...
 [ 0.  0.  0. ...  0.  0.  0.]
 [ 0.  0.  0. ...  0.  0.  0.]
 [ 0.  0.  0. ...  0.  0.  0.]]
[[ 0.  2.  3. ...  0.  0.  0.]
 [ 2.  7.  8. ...  0.  0.  0.]
 [ 7.  8. 12. ...  0.  0.  0.]
 ...
 [ 0.  0.  0. ...  0.  0.  0.]
 [ 0.  0.  0. ...  0.  0.  0.]
 [ 0.  0.  0. ...  0.  0.  0.]]
[[ 0.  2.  3. ...  0.  0.  0.]
 [ 2.  7.  8. ...  0.  0.  0.]
 [ 7.  8. 12. ...  0.  0.  0.]
 ...
 [ 0.  0.  0. ...  0.  0.  0.]
 [ 0.  0.  0. ...  0.  0.  0.]
 [ 0.  0.  0. ...  0.  0.  0.]]
[[ 0.  2.  3. ...  0.  0.  0.]
 [ 2.  7.  8. ...  0.  0.  0.]
 [ 7.  8. 12. ...  0.  0.  0.]
 ...
 [ 0.  0.  0. ...  0.  0.  0.]
 [ 0.  0.  0. ...  0.  0.  0.]
 [ 0.  0.  0. ...  0.  0.  0.]]
[[ 0.  2.  3. ...  0.  0.  0.]
 [ 2.  7.  8. ...  0.  0.  0.]
 [ 7.  8. 12. ...  0.  0.  0.]
 ...
 [ 0.  0.  0. ...  0.  0.  0.]
 [ 0.  0.  0. ...  0.  0.  0.]
 [ 0.  0.  0. ...  0.  0.  0.]]
[[ 0.  2.  3. ...  0.  0.  0.]
 [ 2.  7.  8. ...  0.  0.  0.]
 [ 7.  8. 12. ...  0.  0.  0.]
 ...
 [ 0.  0.  0. ...  0.  0.  0.]
 [ 0.  0.  0. ...  0.  0.  0.]
 [ 0.  0.  0. ...  0.  0.  0.]]
[[ 0.  2.  3. ...  0.  0.  0.]
 [ 2.  7.  8. ...  0.  0.  0.]
 [ 7.  8. 12. ...  0.  0.  0.]
 ...
 [ 0.  0.  0. ...  0.  0.  0.]
 [ 0.  0.  0. ...  0.  0.  0.]
 [ 0.  0.  0. ...  0.  0.  0.]]
[[ 0.  2.  3. ...  0.  0.  0.]
 [ 2.  7.  8. ...  0.  0.  0.]
 [ 7.  8. 12. ...  0.  0.  0.]
 ...
 [ 0.  0.  0. ...  0.  0.  0.]
 [ 0.  0.  0. ...  0.  0.  0.]
 [ 0.  0.  0. ...  0.  0.  0.]]
[[ 0.  2.  3. ...  0.  0.  0.]
 [ 2.  7.  8. ...  0.  0.  0.]
 [ 7.  8. 12. ...  0.  0.  0.]
 ...
 [ 0.  0.  0. ...  0.  0.  0.]
 [ 0.  0.  0. ...  0.  0.  0.]
 [ 0.  0.  0. ...  0.  0.  0.]]
[[ 0.  2.  3. ...  0.  0.  0.]
 [ 2.  7.  8. ...  0.  0.  0.]
 [ 7.  8. 12. ...  0.  0.  0.]
 ...
 [ 0.  0.  0. ...  0.  0.  0.]
 [ 0.  0.  0. ...  0.  0.  0.]
 [ 0.  0.  0. ...  0.  0.  0.]]
[[ 0.  2.  3. ...  0.  0.  0.]
 [ 2.  7.  8. ...  0.  0.  0.]
 [ 7.  8. 12. ...  0.  0.  0.]
 ...
 [ 0.  0.  0. ...  0.  0.  0.]
 [ 0.  0.  0. ...  0.  0.  0.]
 [ 0.  0.  0. ...  0.  0.  0.]]
[[ 0.  2.  3. ...  0.  0.  0.]
 [ 2.  7.  8. ...  0.  0.  0.]
 [ 7.  8. 12. ...  0.  0.  0.]
 ...
 [ 0.  0.  0. ...  0.  0.  0.]
 [ 0.  0.  0. ...  0.  0.  0.]
 [ 0.  0.  0. ...  0.  0.  0.]]
[[ 0.  2.  3. ...  0.  0.  0.]
 [ 2.  7.  8. ...  0.  0.  0.]
 [ 7.  8. 12. ...  0.  0.  0.]
 ...
 [ 0.  0.  0. ...  0.  0.  0.]
 [ 0.  0.  0. ...  0.  0.  0.]
 [ 0.  0.  0. ...  0.  0.  0.]]
[[ 0.  2.  3. ...  0.  0.  0.]
 [ 2.  7.  8. ...  0.  0.  0.]
 [ 7.  8. 12. ...  0.  0.  0.]
 ...
 [ 0.  0.  0. ...  0.  0.  0.]
 [ 0.  0.  0. ...  0.  0.  0.]
 [ 0.  0.  0. ...  0.  0.  0.]]
[[ 0.  2.  3. ...  0.  0.  0.]
 [ 2.  7.  8. ...  0.  0.  0.]
 [ 7.  8. 12. ...  0.  0.  0.]
 ...
 [ 0.  0.  0. ...  0.  0.  0.]
 [ 0.  0.  0. ...  0.  0.  0.]
 [ 0.  0.  0. ...  0.  0.  0.]]
[[ 0.  2.  3. ...  0.  0.  0.]
 [ 2.  7.  8. ...  0.  0.  0.]
 [ 7.  8. 12. ...  0.  0.  0.]
 ...
 [ 0.  0.  0. ...  0.  0.  0.]
 [ 0.  0.  0. ...  0.  0.  0.]
 [ 0.  0.  0. ...  0.  0.  0.]]
[[ 0.  2.  3. ...  0.  0.  0.]
 [ 2.  7.  8. ...  0.  0.  0.]
 [ 7.  8. 12. ...  0.  0.  0.]
 ...
 [ 0.  0.  0. ...  0.  0.  0.]
 [ 0.  0.  0. ...  0.  0.  0.]
 [ 0.  0.  0. ...  0.  0.  0.]]
[[ 0.  2.  3. ...  0.  0.  0.]
 [ 2.  7.  8. ...  0.  0.  0.]
 [ 7.  8. 12. ...  0.  0.  0.]
 ...
 [ 0.  0.  0. ...  0.  0.  0.]
 [ 0.  0.  0. ...  0.  0.  0.]
 [ 0.  0.  0. ...  0.  0.  0.]]
[[ 0.  2.  3. ...  0.  0.  0.]
 [ 2.  7.  8. ...  0.  0.  0.]
 [ 7.  8. 12. ...  0.  0.  0.]
 ...
 [ 0.  0.  0. ...  0.  0.  0.]
 [ 0.  0.  0. ...  0.  0.  0.]
 [ 0.  0.  0. ...  0.  0.  0.]]
[[ 0.  2.  3. ...  0.  0.  0.]
 [ 2.  7.  8. ...  0.  0.  0.]
 [ 7.  8. 12. ...  0.  0.  0.]
 ...
 [ 0.  0.  0. ...  0.  0.  0.]
 [ 0.  0.  0. ...  0.  0.  0.]
 [ 0.  0.  0. ...  0.  0.  0.]]
[[ 0.  2.  3. ...  0.  0.  0.]
 [ 2.  7.  8. ...  0.  0.  0.]
 [ 7.  8. 12. ...  0.  0.  0.]
 ...
 [ 0.  0.  0. ...  0.  0.  0.]
 [ 0.  0.  0. ...  0.  0.  0.]
 [ 0.  0.  0. ...  0.  0.  0.]]
[[ 0.  2.  3. ...  0.  0.  0.]
 [ 2.  7.  8. ...  0.  0.  0.]
 [ 7.  8. 12. ...  0.  0.  0.]
 ...
 [ 0.  0.  0. ...  0.  0.  0.]
 [ 0.  0.  0. ...  0.  0.  0.]
 [ 0.  0.  0. ...  0.  0.  0.]]
[[ 0.  2.  3. ...  0.  0.  0.]
 [ 2.  7.  8. ...  0.  0.  0.]
 [ 7.  8. 12. ...  0.  0.  0.]
 ...
 [ 0.  0.  0. ...  0.  0.  0.]
 [ 0.  0.  0. ...  0.  0.  0.]
 [ 0.  0.  0. ...  0.  0.  0.]]
[[ 0.  2.  3. ...  0.  0.  0.]
 [ 2.  7.  8. ...  0.  0.  0.]
 [ 7.  8. 12. ...  0.  0.  0.]
 ...
 [ 0.  0.  0. ...  0.  0.  0.]
 [ 0.  0.  0. ...  0.  0.  0.]
 [ 0.  0.  0. ...  0.  0.  0.]]
[[ 0.  2.  3. ...  0.  0.  0.]
 [ 2.  7.  8. ...  0.  0.  0.]
 [ 7.  8. 12. ...  0.  0.  0.]
 ...
 [ 0.  0.  0. ...  0.  0.  0.]
 [ 0.  0.  0. ...  0.  0.  0.]
 [ 0.  0.  0. ...  0.  0.  0.]]
[[ 0.  2.  3. ...  0.  0.  0.]
 [ 2.  7.  8. ...  0.  0.  0.]
 [ 7.  8. 12. ...  0.  0.  0.]
 ...
 [ 0.  0.  0. ...  0.  0.  0.]
 [ 0.  0.  0. ...  0.  0.  0.]
 [ 0.  0.  0. ...  0.  0.  0.]]
[[ 0.  2.  3. ...  0.  0.  0.]
 [ 2.  7.  8. ...  0.  0.  0.]
 [ 7.  8. 12. ...  0.  0.  0.]
 ...
 [ 0.  0.  0. ...  0.  0.  0.]
 [ 0.  0.  0. ...  0.  0.  0.]
 [ 0.  0.  0. ...  0.  0.  0.]]
[[ 0.  2.  3. ...  0.  0.  0.]
 [ 2.  7.  8. ...  0.  0.  0.]
 [ 7.  8. 12. ...  0.  0.  0.]
 ...
 [ 0.  0.  0. ...  0.  0.  0.]
 [ 0.  0.  0. ...  0.  0.  0.]
 [ 0.  0.  0. ...  0.  0.  0.]]
[[ 0.  2.  3. ...  0.  0.  0.]
 [ 2.  7.  8. ...  0.  0.  0.]
 [ 7.  8. 12. ...  0.  0.  0.]
 ...
 [ 0.  0.  0. ...  0.  0.  0.]
 [ 0.  0.  0. ...  0.  0.  0.]
 [ 0.  0.  0. ...  0.  0.  0.]]
[[ 0.  2.  3. ...  0.  0.  0.]
 [ 2.  7.  8. ...  0.  0.  0.]
 [ 7.  8. 12. ...  0.  0.  0.]
 ...
 [ 0.  0.  0. ...  0.  0.  0.]
 [ 0.  0.  0. ...  0.  0.  0.]
 [ 0.  0.  0. ...  0.  0.  0.]]
[[ 0.  2.  3. ...  0.  0.  0.]
 [ 2.  7.  8. ...  0.  0.  0.]
 [ 7.  8. 12. ...  0.  0.  0.]
 ...
 [ 0.  0.  0. ...  0.  0.  0.]
 [ 0.  0.  0. ...  0.  0.  0.]
 [ 0.  0.  0. ...  0.  0.  0.]]
[[ 0.  2.  3. ...  0.  0.  0.]
 [ 2.  7.  8. ...  0.  0.  0.]
 [ 7.  8. 12. ...  0.  0.  0.]
 ...
 [ 0.  0.  0. ...  0.  0.  0.]
 [ 0.  0.  0. ...  0.  0.  0.]
 [ 0.  0.  0. ...  0.  0.  0.]]
[[ 0.  2.  3. ...  0.  0.  0.]
 [ 2.  7.  8. ...  0.  0.  0.]
 [ 7.  8. 12. ...  0.  0.  0.]
 ...
 [ 0.  0.  0. ...  0.  0.  0.]
 [ 0.  0.  0. ...  0.  0.  0.]
 [ 0.  0.  0. ...  0.  0.  0.]]
[[ 0.  2.  3. ...  0.  0.  0.]
 [ 2.  7.  8. ...  0.  0.  0.]
 [ 7.  8. 12. ...  0.  0.  0.]
 ...
 [ 0.  0.  0. ...  0.  0.  0.]
 [ 0.  0.  0. ...  0.  0.  0.]
 [ 0.  0.  0. ...  0.  0.  0.]]
[[ 0.  2.  3. ...  0.  0.  0.]
 [ 2.  7.  8. ...  0.  0.  0.]
 [ 7.  8. 12. ...  0.  0.  0.]
 ...
 [ 0.  0.  0. ...  0.  0.  0.]
 [ 0.  0.  0. ...  0.  0.  0.]
 [ 0.  0.  0. ...  0.  0.  0.]]
[[ 0.  2.  3. ...  0.  0.  0.]
 [ 2.  7.  8. ...  0.  0.  0.]
 [ 7.  8. 12. ...  0.  0.  0.]
 ...
 [ 0.  0.  0. ...  0.  0.  0.]
 [ 0.  0.  0. ...  0.  0.  0.]
 [ 0.  0.  0. ...  0.  0.  0.]]
[[ 0.  2.  3. ...  0.  0.  0.]
 [ 2.  7.  8. ...  0.  0.  0.]
 [ 7.  8. 12. ...  0.  0.  0.]
 ...
 [ 0.  0.  0. ...  0.  0.  0.]
 [ 0.  0.  0. ...  0.  0.  0.]
 [ 0.  0.  0. ...  0.  0.  0.]]
[[ 0.  2.  3. ...  0.  0.  0.]
 [ 2.  7.  8. ...  0.  0.  0.]
 [ 7.  8. 12. ...  0.  0.  0.]
 ...
 [ 0.  0.  0. ...  0.  0.  0.]
 [ 0.  0.  0. ...  0.  0.  0.]
 [ 0.  0.  0. ...  0.  0.  0.]]
[[ 0.  2.  3. ...  0.  0.  0.]
 [ 2.  7.  8. ...  0.  0.  0.]
 [ 7.  8. 12. ...  0.  0.  0.]
 ...
 [ 0.  0.  0. ...  0.  0.  0.]
 [ 0.  0.  0. ...  0.  0.  0.]
 [ 0.  0.  0. ...  0.  0.  0.]]
[[ 0.  2.  3. ...  0.  0.  0.]
 [ 2.  7.  8. ...  0.  0.  0.]
 [ 7.  8. 12. ...  0.  0.  0.]
 ...
 [ 0.  0.  0. ...  0.  0.  0.]
 [ 0.  0.  0. ...  0.  0.  0.]
 [ 0.  0.  0. ...  0.  0.  0.]]
[[ 0.  2.  3. ...  0.  0.  0.]
 [ 2.  7.  8. ...  0.  0.  0.]
 [ 7.  8. 12. ...  0.  0.  0.]
 ...
 [ 0.  0.  0. ...  0.  0.  0.]
 [ 0.  0.  0. ...  0.  0.  0.]
 [ 0.  0.  0. ...  0.  0.  0.]]
[[ 0.  2.  3. ...  0.  0.  0.]
 [ 2.  7.  8. ...  0.  0.  0.]
 [ 7.  8. 12. ...  0.  0.  0.]
 ...
 [ 0.  0.  0. ...  0.  0.  0.]
 [ 0.  0.  0. ...  0.  0.  0.]
 [ 0.  0.  0. ...  0.  0.  0.]]
[[ 0.  2.  3. ...  0.  0.  0.]
 [ 2.  7.  8. ...  0.  0.  0.]
 [ 7.  8. 12. ...  0.  0.  0.]
 ...
 [ 0.  0.  0. ...  0.  0.  0.]
 [ 0.  0.  0. ...  0.  0.  0.]
 [ 0.  0.  0. ...  0.  0.  0.]]
[[ 0.  2.  3. ...  0.  0.  0.]
 [ 2.  7.  8. ...  0.  0.  0.]
 [ 7.  8. 12. ...  0.  0.  0.]
 ...
 [ 0.  0.  0. ...  0.  0.  0.]
 [ 0.  0.  0. ...  0.  0.  0.]
 [ 0.  0.  0. ...  0.  0.  0.]]
[[ 0.  2.  3. ...  0.  0.  0.]
 [ 2.  7.  8. ...  0.  0.  0.]
 [ 7.  8. 12. ...  0.  0.  0.]
 ...
 [ 0.  0.  0. ...  0.  0.  0.]
 [ 0.  0.  0. ...  0.  0.  0.]
 [ 0.  0.  0. ...  0.  0.  0.]]
[[ 0.  2.  3. ...  0.  0.  0.]
 [ 2.  7.  8. ...  0.  0.  0.]
 [ 7.  8. 12. ...  0.  0.  0.]
 ...
 [ 0.  0.  0. ...  0.  0.  0.]
 [ 0.  0.  0. ...  0.  0.  0.]
 [ 0.  0.  0. ...  0.  0.  0.]]
[[ 0.  2.  3. ...  0.  0.  0.]
 [ 2.  7.  8. ...  0.  0.  0.]
 [ 7.  8. 12. ...  0.  0.  0.]
 ...
 [ 0.  0.  0. ...  0.  0.  0.]
 [ 0.  0.  0. ...  0.  0.  0.]
 [ 0.  0.  0. ...  0.  0.  0.]]
[[ 0.  2.  3. ...  0.  0.  0.]
 [ 2.  7.  8. ...  0.  0.  0.]
 [ 7.  8. 12. ...  0.  0.  0.]
 ...
 [ 0.  0.  0. ...  0.  0.  0.]
 [ 0.  0.  0. ...  0.  0.  0.]
 [ 0.  0.  0. ...  0.  0.  0.]]
[[ 0.  2.  3. ...  0.  0.  0.]
 [ 2.  7.  8. ...  0.  0.  0.]
 [ 7.  8. 12. ...  0.  0.  0.]
 ...
 [ 0.  0.  0. ...  0.  0.  0.]
 [ 0.  0.  0. ...  0.  0.  0.]
 [ 0.  0.  0. ...  0.  0.  0.]]
[[ 0.  2.  3. ...  0.  0.  0.]
 [ 2.  7.  8. ...  0.  0.  0.]
 [ 7.  8. 12. ...  0.  0.  0.]
 ...
 [ 0.  0.  0. ...  0.  0.  0.]
 [ 0.  0.  0. ...  0.  0.  0.]
 [ 0.  0.  0. ...  0.  0.  0.]]
[[  0.   2.   3. ... 374.   0.   0.]
 [  2.   7.   8. ...   0.   0.   0.]
 [  7.   8.  12. ...   0.   0.   0.]
 ...
 [392.   0.   0. ...   0.   0.   0.]
 [  0.   0.   0. ...   0.   0.   0.]
 [  0.   0.   0. ...   0.   0.   0.]]
[[  0.   2.   3. ... 374. 383.   0.]
 [  2.   7.   8. ... 361.   0.   0.]
 [  7.   8.  12. ...   0.   0.   0.]
 ...
 [392. 362.   0. ...   0.   0.   0.]
 [399.   0.   0. ...   0.   0.   0.]
 [  0.   0.   0. ...   0.   0.   0.]]
[[  0.   2.   3. ... 374. 383. 389.]
 [  2.   7.   8. ... 361. 366.   0.]
 [  7.   8.  12. ... 346.   0.   0.]
 ...
 [392. 362. 371. ...   0.   0.   0.]
 [399. 365.   0. ...   0.   0.   0.]
 [405.   0.   0. ...   0.   0.   0.]]
[[  0.   2.   3. ... 374. 383. 389.]
 [  2.   7.   8. ... 361. 366. 369.]
 [  7.   8.  12. ... 346. 355.   0.]
 ...
 [392. 362. 371. ...   0.   0.   0.]
 [399. 365. 371. ...   0.   0.   0.]
 [405. 366.   0. ...   0.   0.   0.]]
[[  0.   2.   3. ... 374. 383. 389.]
 [  2.   7.   8. ... 361. 366. 369.]
 [  7.   8.  12. ... 346. 355. 357.]
 ...
 [392. 362. 371. ...   0.   0.   0.]
 [399. 365. 371. ...   0.   0.   0.]
 [405. 366. 369. ...   0.   0.   0.]]
[[  0.   2.   3. ... 374. 383. 389.]
 [  2.   7.   8. ... 361. 366. 369.]
 [  7.   8.  12. ... 346. 355. 357.]
 ...
 [392. 362. 371. ...   0.   0.   0.]
 [399. 365. 371. ...   0.   0.   0.]
 [405. 366. 369. ...   0.   0.   0.]]
[[  0.   2.   3. ... 374. 383. 389.]
 [  2.   7.   8. ... 361. 366. 369.]
 [  7.   8.  12. ... 346. 355. 357.]
 ...
 [392. 362. 371. ...   0.   0.   0.]
 [399. 365. 371. ...   0.   0.   0.]
 [405. 366. 369. ...   0.   0.   0.]]
[[  0.   2.   3. ... 374. 383. 389.]
 [  2.   7.   8. ... 361. 366. 369.]
 [  7.   8.  12. ... 346. 355. 357.]
 ...
 [392. 362. 371. ...   0.   0.   0.]
 [399. 365. 371. ...   0.   0.   0.]
 [405. 366. 369. ...   0.   0.   0.]]
[[  0.   2.   3. ... 374. 383. 389.]
 [  2.   7.   8. ... 361. 366. 369.]
 [  7.   8.  12. ... 346. 355. 357.]
 ...
 [392. 362. 371. ...   0.   0.   0.]
 [399. 365. 371. ...   0.   0.   0.]
 [405. 366. 369. ...   0.   0.   0.]]
[[  0.   2.   3. ... 374. 383. 389.]
 [  2.   7.   8. ... 361. 366. 369.]
 [  7.   8.  12. ... 346. 355. 357.]
 ...
 [392. 362. 371. ...   0.   0.   0.]
 [399. 365. 371. ...   0.   0.   0.]
 [405. 366. 369. ...   0.   0.   0.]]
[[  0.   2.   3. ... 374. 383. 389.]
 [  2.   7.   8. ... 361. 366. 369.]
 [  7.   8.  12. ... 346. 355. 357.]
 ...
 [392. 362. 371. ...   0.   0.   0.]
 [399. 365. 371. ...   0.   0.   0.]
 [405. 366. 369. ...   0.   0.   0.]]
[[  0.   2.   3. ... 374. 383. 389.]
 [  2.   7.   8. ... 361. 366. 369.]
 [  7.   8.  12. ... 346. 355. 357.]
 ...
 [392. 362. 371. ...   0.   0.   0.]
 [399. 365. 371. ...   0.   0.   0.]
 [405. 366. 369. ...   0.   0.   0.]]
[[  0.   2.   3. ... 374. 383. 389.]
 [  2.   7.   8. ... 361. 366. 369.]
 [  7.   8.  12. ... 346. 355. 357.]
 ...
 [392. 362. 371. ...   0.   0.   0.]
 [399. 365. 371. ...   0.   0.   0.]
 [405. 366. 369. ...   0.   0.   0.]]
[[  0.   2.   3. ... 374. 383. 389.]
 [  2.   7.   8. ... 361. 366. 369.]
 [  7.   8.  12. ... 346. 355. 357.]
 ...
 [392. 362. 371. ...   0.   0.   0.]
 [399. 365. 371. ...   0.   0.   0.]
 [405. 366. 369. ...   0.   0.   0.]]
[[  0.   2.   3. ... 374. 383. 389.]
 [  2.   7.   8. ... 361. 366. 369.]
 [  7.   8.  12. ... 346. 355. 357.]
 ...
 [392. 362. 371. ...   0.   0.   0.]
 [399. 365. 371. ...   0.   0.   0.]
 [405. 366. 369. ...   0.   0.   0.]]
[[  0.   2.   3. ... 374. 383. 389.]
 [  2.   7.   8. ... 361. 366. 369.]
 [  7.   8.  12. ... 346. 355. 357.]
 ...
 [392. 362. 371. ...   0.   0.   0.]
 [399. 365. 371. ...   0.   0.   0.]
 [405. 366. 369. ...   0.   0.   0.]]
[[  0.   2.   3. ... 374. 383. 389.]
 [  2.   7.   8. ... 361. 366. 369.]
 [  7.   8.  12. ... 346. 355. 357.]
 ...
 [392. 362. 371. ...   0.   0.   0.]
 [399. 365. 371. ...   0.   0.   0.]
 [405. 366. 369. ...   0.   0.   0.]]
[[  0.   2.   3. ... 374. 383. 389.]
 [  2.   7.   8. ... 361. 366. 369.]
 [  7.   8.  12. ... 346. 355. 357.]
 ...
 [392. 362. 371. ...   0.   0.   0.]
 [399. 365. 371. ...   0.   0.   0.]
 [405. 366. 369. ...   0.   0.   0.]]
[[  0.   2.   3. ... 374. 383. 389.]
 [  2.   7.   8. ... 361. 366. 369.]
 [  7.   8.  12. ... 346. 355. 357.]
 ...
 [392. 362. 371. ...   0.   0.   0.]
 [399. 365. 371. ...   0.   0.   0.]
 [405. 366. 369. ...   0.   0.   0.]]
[[  0.   2.   3. ... 374. 383. 389.]
 [  2.   7.   8. ... 361. 366. 369.]
 [  7.   8.  12. ... 346. 355. 357.]
 ...
 [392. 362. 371. ...   0.   0.   0.]
 [399. 365. 371. ...   0.   0.   0.]
 [405. 366. 369. ...   0.   0.   0.]]
[[  0.   2.   3. ... 374. 383. 389.]
 [  2.   7.   8. ... 361. 366. 369.]
 [  7.   8.  12. ... 346. 355. 357.]
 ...
 [392. 362. 371. ...   0.   0.   0.]
 [399. 365. 371. ...   0.   0.   0.]
 [405. 366. 369. ...   0.   0.   0.]]
[[  0.   2.   3. ... 374. 383. 389.]
 [  2.   7.   8. ... 361. 366. 369.]
 [  7.   8.  12. ... 346. 355. 357.]
 ...
 [392. 362. 371. ...   0.   0.   0.]
 [399. 365. 371. ...   0.   0.   0.]
 [405. 366. 369. ...   0.   0.   0.]]
[[  0.   2.   3. ... 374. 383. 389.]
 [  2.   7.   8. ... 361. 366. 369.]
 [  7.   8.  12. ... 346. 355. 357.]
 ...
 [392. 362. 371. ...   0.   0.   0.]
 [399. 365. 371. ...   0.   0.   0.]
 [405. 366. 369. ...   0.   0.   0.]]
[[  0.   2.   3. ... 374. 383. 389.]
 [  2.   7.   8. ... 361. 366. 369.]
 [  7.   8.  12. ... 346. 355. 357.]
 ...
 [392. 362. 371. ...   0.   0.   0.]
 [399. 365. 371. ...   0.   0.   0.]
 [405. 366. 369. ...   0.   0.   0.]]
[[  0.   2.   3. ... 374. 383. 389.]
 [  2.   7.   8. ... 361. 366. 369.]
 [  7.   8.  12. ... 346. 355. 357.]
 ...
 [392. 362. 371. ...   0.   0.   0.]
 [399. 365. 371. ...   0.   0.   0.]
 [405. 366. 369. ...   0.   0.   0.]]
[[  0.   2.   3. ... 374. 383. 389.]
 [  2.   7.   8. ... 361. 366. 369.]
 [  7.   8.  12. ... 346. 355. 357.]
 ...
 [392. 362. 371. ...   0.   0.   0.]
 [399. 365. 371. ...   0.   0.   0.]
 [405. 366. 369. ...   0.   0.   0.]]
[[  0.   2.   3. ... 374. 383. 389.]
 [  2.   7.   8. ... 361. 366. 369.]
 [  7.   8.  12. ... 346. 355. 357.]
 ...
 [392. 362. 371. ...   0.   0.   0.]
 [399. 365. 371. ...   0.   0.   0.]
 [405. 366. 369. ...   0.   0.   0.]]
[[  0.   2.   3. ... 374. 383. 389.]
 [  2.   7.   8. ... 361. 366. 369.]
 [  7.   8.  12. ... 346. 355. 357.]
 ...
 [392. 362. 371. ...   0.   0.   0.]
 [399. 365. 371. ...   0.   0.   0.]
 [405. 366. 369. ...   0.   0.   0.]]
[[  0.   2.   3. ... 374. 383. 389.]
 [  2.   7.   8. ... 361. 366. 369.]
 [  7.   8.  12. ... 346. 355. 357.]
 ...
 [392. 362. 371. ...   0.   0.   0.]
 [399. 365. 371. ...   0.   0.   0.]
 [405. 366. 369. ...   0.   0.   0.]]
[[  0.   2.   3. ... 374. 383. 389.]
 [  2.   7.   8. ... 361. 366. 369.]
 [  7.   8.  12. ... 346. 355. 357.]
 ...
 [392. 362. 371. ...   0.   0.   0.]
 [399. 365. 371. ...   0.   0.   0.]
 [405. 366. 369. ...   0.   0.   0.]]
[[  0.   2.   3. ... 374. 383. 389.]
 [  2.   7.   8. ... 361. 366. 369.]
 [  7.   8.  12. ... 346. 355. 357.]
 ...
 [392. 362. 371. ...   0.   0.   0.]
 [399. 365. 371. ...   0.   0.   0.]
 [405. 366. 369. ...   0.   0.   0.]]
[[  0.   2.   3. ... 374. 383. 389.]
 [  2.   7.   8. ... 361. 366. 369.]
 [  7.   8.  12. ... 346. 355. 357.]
 ...
 [392. 362. 371. ...   0.   0.   0.]
 [399. 365. 371. ...   0.   0.   0.]
 [405. 366. 369. ...   0.   0.   0.]]
[[  0.   2.   3. ... 374. 383. 389.]
 [  2.   7.   8. ... 361. 366. 369.]
 [  7.   8.  12. ... 346. 355. 357.]
 ...
 [392. 362. 371. ...   0.   0.   0.]
 [399. 365. 371. ...   0.   0.   0.]
 [405. 366. 369. ...   0.   0.   0.]]
[[  0.   2.   3. ... 374. 383. 389.]
 [  2.   7.   8. ... 361. 366. 369.]
 [  7.   8.  12. ... 346. 355. 357.]
 ...
 [392. 362. 371. ...   0.   0.   0.]
 [399. 365. 371. ...   0.   0.   0.]
 [405. 366. 369. ...   0.   0.   0.]]
[[  0.   2.   3. ... 374. 383. 389.]
 [  2.   7.   8. ... 361. 366. 369.]
 [  7.   8.  12. ... 346. 355. 357.]
 ...
 [392. 362. 371. ...   0.   0.   0.]
 [399. 365. 371. ...   0.   0.   0.]
 [405. 366. 369. ...   0.   0.   0.]]
[[  0.   2.   3. ... 374. 383. 389.]
 [  2.   7.   8. ... 361. 366. 369.]
 [  7.   8.  12. ... 346. 355. 357.]
 ...
 [392. 362. 371. ...   0.   0.   0.]
 [399. 365. 371. ...   0.   0.   0.]
 [405. 366. 369. ...   0.   0.   0.]]
[[  0.   2.   3. ... 374. 383. 389.]
 [  2.   7.   8. ... 361. 366. 369.]
 [  7.   8.  12. ... 346. 355. 357.]
 ...
 [392. 362. 371. ...   0.   0.   0.]
 [399. 365. 371. ...   0.   0.   0.]
 [405. 366. 369. ...   0.   0.   0.]]
[[  0.   2.   3. ... 374. 383. 389.]
 [  2.   7.   8. ... 361. 366. 369.]
 [  7.   8.  12. ... 346. 355. 357.]
 ...
 [392. 362. 371. ...   0.   0.   0.]
 [399. 365. 371. ...   0.   0.   0.]
 [405. 366. 369. ...   0.   0.   0.]]
[[  0.   2.   3. ... 374. 383. 389.]
 [  2.   7.   8. ... 361. 366. 369.]
 [  7.   8.  12. ... 346. 355. 357.]
 ...
 [392. 362. 371. ...   0.   0.   0.]
 [399. 365. 371. ...   0.   0.   0.]
 [405. 366. 369. ...   0.   0.   0.]]
[[  0.   2.   3. ... 374. 383. 389.]
 [  2.   7.   8. ... 361. 366. 369.]
 [  7.   8.  12. ... 346. 355. 357.]
 ...
 [392. 362. 371. ...   0.   0.   0.]
 [399. 365. 371. ...   0.   0.   0.]
 [405. 366. 369. ...   0.   0.   0.]]
[[  0.   2.   3. ... 374. 383. 389.]
 [  2.   7.   8. ... 361. 366. 369.]
 [  7.   8.  12. ... 346. 355. 357.]
 ...
 [392. 362. 371. ...   0.   0.   0.]
 [399. 365. 371. ...   0.   0.   0.]
 [405. 366. 369. ...   0.   0.   0.]]
[[  0.   2.   3. ... 374. 383. 389.]
 [  2.   7.   8. ... 361. 366. 369.]
 [  7.   8.  12. ... 346. 355. 357.]
 ...
 [392. 362. 371. ...   0.   0.   0.]
 [399. 365. 371. ...   0.   0.   0.]
 [405. 366. 369. ...   0.   0.   0.]]
[[  0.   2.   3. ... 374. 383. 389.]
 [  2.   7.   8. ... 361. 366. 369.]
 [  7.   8.  12. ... 346. 355. 357.]
 ...
 [392. 362. 371. ...   0.   0.   0.]
 [399. 365. 371. ...   0.   0.   0.]
 [405. 366. 369. ...   0.   0.   0.]]
[[  0.   2.   3. ... 374. 383. 389.]
 [  2.   7.   8. ... 361. 366. 369.]
 [  7.   8.  12. ... 346. 355. 357.]
 ...
 [392. 362. 371. ...   0.   0.   0.]
 [399. 365. 371. ...   0.   0.   0.]
 [405. 366. 369. ...   0.   0.   0.]]
[[  0.   2.   3. ... 374. 383. 389.]
 [  2.   7.   8. ... 361. 366. 369.]
 [  7.   8.  12. ... 346. 355. 357.]
 ...
 [392. 362. 371. ...   0.   0.   0.]
 [399. 365. 371. ...   0.   0.   0.]
 [405. 366. 369. ...   0.   0.   0.]]
[[  0.   2.   3. ... 374. 383. 389.]
 [  2.   7.   8. ... 361. 366. 369.]
 [  7.   8.  12. ... 346. 355. 357.]
 ...
 [392. 362. 371. ...   0.   0.   0.]
 [399. 365. 371. ...   0.   0.   0.]
 [405. 366. 369. ...   0.   0.   0.]]
[[  0.   2.   3. ... 374. 383. 389.]
 [  2.   7.   8. ... 361. 366. 369.]
 [  7.   8.  12. ... 346. 355. 357.]
 ...
 [392. 362. 371. ...   0.   0.   0.]
 [399. 365. 371. ...   0.   0.   0.]
 [405. 366. 369. ...   0.   0.   0.]]
[[  0.   2.   3. ... 374. 383. 389.]
 [  2.   7.   8. ... 361. 366. 369.]
 [  7.   8.  12. ... 346. 355. 357.]
 ...
 [392. 362. 371. ...   0.   0.   0.]
 [399. 365. 371. ...   0.   0.   0.]
 [405. 366. 369. ...   0.   0.   0.]]
[[  0.   2.   3. ... 374. 383. 389.]
 [  2.   7.   8. ... 361. 366. 369.]
 [  7.   8.  12. ... 346. 355. 357.]
 ...
 [392. 362. 371. ...   0.   0.   0.]
 [399. 365. 371. ...   0.   0.   0.]
 [405. 366. 369. ...   0.   0.   0.]]
[[  0.   2.   3. ... 374. 383. 389.]
 [  2.   7.   8. ... 361. 366. 369.]
 [  7.   8.  12. ... 346. 355. 357.]
 ...
 [392. 362. 371. ...   0.   0.   0.]
 [399. 365. 371. ...   0.   0.   0.]
 [405. 366. 369. ...   0.   0.   0.]]
[[  0.   2.   3. ... 374. 383. 389.]
 [  2.   7.   8. ... 361. 366. 369.]
 [  7.   8.  12. ... 346. 355. 357.]
 ...
 [392. 362. 371. ...   0.   0.   0.]
 [399. 365. 371. ...   0.   0.   0.]
 [405. 366. 369. ...   0.   0.   0.]]
[[  0.   2.   3. ... 374. 383. 389.]
 [  2.   7.   8. ... 361. 366. 369.]
 [  7.   8.  12. ... 346. 355. 357.]
 ...
 [392. 362. 371. ...   0.   0.   0.]
 [399. 365. 371. ...   0.   0.   0.]
 [405. 366. 369. ...   0.   0.   0.]]
[[  0.   2.   3. ... 374. 383. 389.]
 [  2.   7.   8. ... 361. 366. 369.]
 [  7.   8.  12. ... 346. 355. 357.]
 ...
 [392. 362. 371. ...   0.   0.   0.]
 [399. 365. 371. ...   0.   0.   0.]
 [405. 366. 369. ...   0.   0.   0.]]
[[  0.   2.   3. ... 374. 383. 389.]
 [  2.   7.   8. ... 361. 366. 369.]
 [  7.   8.  12. ... 346. 355. 357.]
 ...
 [392. 362. 371. ...   0.   0.   0.]
 [399. 365. 371. ...   0.   0.   0.]
 [405. 366. 369. ...   0.   0.   0.]]
[[  0.   2.   3. ... 374. 383. 389.]
 [  2.   7.   8. ... 361. 366. 369.]
 [  7.   8.  12. ... 346. 355. 357.]
 ...
 [392. 362. 371. ...   0.   0.   0.]
 [399. 365. 371. ...   0.   0.   0.]
 [405. 366. 369. ...   0.   0.   0.]]
[[  0.   2.   3. ... 374. 383. 389.]
 [  2.   7.   8. ... 361. 366. 369.]
 [  7.   8.  12. ... 346. 355. 357.]
 ...
 [392. 362. 371. ...   0.   0.   0.]
 [399. 365. 371. ...   0.   0.   0.]
 [405. 366. 369. ...   0.   0.   0.]]
[[  0.   2.   3. ... 374. 383. 389.]
 [  2.   7.   8. ... 361. 366. 369.]
 [  7.   8.  12. ... 346. 355. 357.]
 ...
 [392. 362. 371. ...   0.   0.   0.]
 [399. 365. 371. ...   0.   0.   0.]
 [405. 366. 369. ...   0.   0.   0.]]
[[  0.   2.   3. ... 374. 383. 389.]
 [  2.   7.   8. ... 361. 366. 369.]
 [  7.   8.  12. ... 346. 355. 357.]
 ...
 [392. 362. 371. ...   0.   0.   0.]
 [399. 365. 371. ...   0.   0.   0.]
 [405. 366. 369. ...   0.   0.   0.]]
[[  0.   2.   3. ... 374. 383. 389.]
 [  2.   7.   8. ... 361. 366. 369.]
 [  7.   8.  12. ... 346. 355. 357.]
 ...
 [392. 362. 371. ...   0.   0.   0.]
 [399. 365. 371. ...   0.   0.   0.]
 [405. 366. 369. ...   0.   0.   0.]]
[[  0.   2.   3. ... 374. 383. 389.]
 [  2.   7.   8. ... 361. 366. 369.]
 [  7.   8.  12. ... 346. 355. 357.]
 ...
 [392. 362. 371. ...   0.   0.   0.]
 [399. 365. 371. ...   0.   0.   0.]
 [405. 366. 369. ...   0.   0.   0.]]
[[  0.   2.   3. ... 374. 383. 389.]
 [  2.   7.   8. ... 361. 366. 369.]
 [  7.   8.  12. ... 346. 355. 357.]
 ...
 [392. 362. 371. ...   0.   0.   0.]
 [399. 365. 371. ...   0.   0.   0.]
 [405. 366. 369. ...   0.   0.   0.]]
[[  0.   2.   3. ... 374. 383. 389.]
 [  2.   7.   8. ... 361. 366. 369.]
 [  7.   8.  12. ... 346. 355. 357.]
 ...
 [392. 362. 371. ...   0.   0.   0.]
 [399. 365. 371. ...   0.   0.   0.]
 [405. 366. 369. ...   0.   0.   0.]]
[[  0.   2.   3. ... 374. 383. 389.]
 [  2.   7.   8. ... 361. 366. 369.]
 [  7.   8.  12. ... 346. 355. 357.]
 ...
 [392. 362. 371. ...   0.   0.   0.]
 [399. 365. 371. ...   0.   0.   0.]
 [405. 366. 369. ...   0.   0.   0.]]
[[  0.   2.   3. ... 374. 383. 389.]
 [  2.   7.   8. ... 361. 366. 369.]
 [  7.   8.  12. ... 346. 355. 357.]
 ...
 [392. 362. 371. ...   0.   0.   0.]
 [399. 365. 371. ...   0.   0.   0.]
 [405. 366. 369. ...   0.   0.   0.]]
[[  0.   2.   3. ... 374. 383. 389.]
 [  2.   7.   8. ... 361. 366. 369.]
 [  7.   8.  12. ... 346. 355. 357.]
 ...
 [392. 362. 371. ...   0.   0.   0.]
 [399. 365. 371. ...   0.   0.   0.]
 [405. 366. 369. ...   0.   0.   0.]]
[[  0.   2.   3. ... 374. 383. 389.]
 [  2.   7.   8. ... 361. 366. 369.]
 [  7.   8.  12. ... 346. 355. 357.]
 ...
 [392. 362. 371. ...   0.   0.   0.]
 [399. 365. 371. ...   0.   0.   0.]
 [405. 366. 369. ...   0.   0.   0.]]
[[  0.   2.   3. ... 374. 383. 389.]
 [  2.   7.   8. ... 361. 366. 369.]
 [  7.   8.  12. ... 346. 355. 357.]
 ...
 [392. 362. 371. ...   0.   0.   0.]
 [399. 365. 371. ...   0.   0.   0.]
 [405. 366. 369. ...   0.   0.   0.]]
[[  0.   2.   3. ... 374. 383. 389.]
 [  2.   7.   8. ... 361. 366. 369.]
 [  7.   8.  12. ... 346. 355. 357.]
 ...
 [392. 362. 371. ...   0.   0.   0.]
 [399. 365. 371. ...   0.   0.   0.]
 [405. 366. 369. ...   0.   0.   0.]]
[[  0.   2.   3. ... 374. 383. 389.]
 [  2.   7.   8. ... 361. 366. 369.]
 [  7.   8.  12. ... 346. 355. 357.]
 ...
 [392. 362. 371. ...   0.   0.   0.]
 [399. 365. 371. ...   0.   0.   0.]
 [405. 366. 369. ...   0.   0.   0.]]
[[  0.   2.   3. ... 374. 383. 389.]
 [  2.   7.   8. ... 361. 366. 369.]
 [  7.   8.  12. ... 346. 355. 357.]
 ...
 [392. 362. 371. ...   0.   0.   0.]
 [399. 365. 371. ...   0.   0.   0.]
 [405. 366. 369. ...   0.   0.   0.]]
[[  0.   2.   3. ... 374. 383. 389.]
 [  2.   7.   8. ... 361. 366. 369.]
 [  7.   8.  12. ... 346. 355. 357.]
 ...
 [392. 362. 371. ...   0.   0.   0.]
 [399. 365. 371. ...   0.   0.   0.]
 [405. 366. 369. ...   0.   0.   0.]]
[[  0.   2.   3. ... 374. 383. 389.]
 [  2.   7.   8. ... 361. 366. 369.]
 [  7.   8.  12. ... 346. 355. 357.]
 ...
 [392. 362. 371. ...   0.   0.   0.]
 [399. 365. 371. ...   0.   0.   0.]
 [405. 366. 369. ...   0.   0.   0.]]
[[  0.   2.   3. ... 374. 383. 389.]
 [  2.   7.   8. ... 361. 366. 369.]
 [  7.   8.  12. ... 346. 355. 357.]
 ...
 [392. 362. 371. ...   0.   0.   0.]
 [399. 365. 371. ...   0.   0.   0.]
 [405. 366. 369. ...   0.   0.   0.]]
[[  0.   2.   3. ... 374. 383. 389.]
 [  2.   7.   8. ... 361. 366. 369.]
 [  7.   8.  12. ... 346. 355. 357.]
 ...
 [392. 362. 371. ...   0.   0.   0.]
 [399. 365. 371. ...   0.   0.   0.]
 [405. 366. 369. ...   0.   0.   0.]]
[[  0.   2.   3. ... 374. 383. 389.]
 [  2.   7.   8. ... 361. 366. 369.]
 [  7.   8.  12. ... 346. 355. 357.]
 ...
 [392. 362. 371. ...   0.   0.   0.]
 [399. 365. 371. ...   0.   0.   0.]
 [405. 366. 369. ...   0.   0.   0.]]
[[  0.   2.   3. ... 374. 383. 389.]
 [  2.   7.   8. ... 361. 366. 369.]
 [  7.   8.  12. ... 346. 355. 357.]
 ...
 [392. 362. 371. ...   0.   0.   0.]
 [399. 365. 371. ...   0.   0.   0.]
 [405. 366. 369. ...   0.   0.   0.]]
[[  0.   2.   3. ... 374. 383. 389.]
 [  2.   7.   8. ... 361. 366. 369.]
 [  7.   8.  12. ... 346. 355. 357.]
 ...
 [392. 362. 371. ...   0.   0.   0.]
 [399. 365. 371. ...   0.   0.   0.]
 [405. 366. 369. ...   0.   0.   0.]]
[[  0.   2.   3. ... 374. 383. 389.]
 [  2.   7.   8. ... 361. 366. 369.]
 [  7.   8.  12. ... 346. 355. 357.]
 ...
 [392. 362. 371. ...   0.   0.   0.]
 [399. 365. 371. ...   0.   0.   0.]
 [405. 366. 369. ...   0.   0.   0.]]
[[  0.   2.   3. ... 374. 383. 389.]
 [  2.   7.   8. ... 361. 366. 369.]
 [  7.   8.  12. ... 346. 355. 357.]
 ...
 [392. 362. 371. ...   0.   0.   0.]
 [399. 365. 371. ...   0.   0.   0.]
 [405. 366. 369. ...   0.   0.   0.]]
[[  0.   2.   3. ... 374. 383. 389.]
 [  2.   7.   8. ... 361. 366. 369.]
 [  7.   8.  12. ... 346. 355. 357.]
 ...
 [392. 362. 371. ...   0.   0.   0.]
 [399. 365. 371. ...   0.   0.   0.]
 [405. 366. 369. ...   0.   0.   0.]]
[[  0.   2.   3. ... 374. 383. 389.]
 [  2.   7.   8. ... 361. 366. 369.]
 [  7.   8.  12. ... 346. 355. 357.]
 ...
 [392. 362. 371. ...   0.   0.   0.]
 [399. 365. 371. ...   0.   0.   0.]
 [405. 366. 369. ...   0.   0.   0.]]
[[  0.   2.   3. ... 374. 383. 389.]
 [  2.   7.   8. ... 361. 366. 369.]
 [  7.   8.  12. ... 346. 355. 357.]
 ...
 [392. 362. 371. ...   0.   0.   0.]
 [399. 365. 371. ...   0.   0.   0.]
 [405. 366. 369. ...   0.   0.   0.]]
[[  0.   2.   3. ... 374. 383. 389.]
 [  2.   7.   8. ... 361. 366. 369.]
 [  7.   8.  12. ... 346. 355. 357.]
 ...
 [392. 362. 371. ...   0.   0.   0.]
 [399. 365. 371. ...   0.   0.   0.]
 [405. 366. 369. ...   0.   0.   0.]]
[[  0.   2.   3. ... 374. 383. 389.]
 [  2.   7.   8. ... 361. 366. 369.]
 [  7.   8.  12. ... 346. 355. 357.]
 ...
 [392. 362. 371. ...   0.   0.   0.]
 [399. 365. 371. ...   0.   0.   0.]
 [405. 366. 369. ...   0.   0.   0.]]
[[  0.   2.   3. ... 374. 383. 389.]
 [  2.   7.   8. ... 361. 366. 369.]
 [  7.   8.  12. ... 346. 355. 357.]
 ...
 [392. 362. 371. ...   0.   0.   0.]
 [399. 365. 371. ...   0.   0.   0.]
 [405. 366. 369. ...   0.   0.   0.]]
[[  0.   2.   3. ... 374. 383. 389.]
 [  2.   7.   8. ... 361. 366. 369.]
 [  7.   8.  12. ... 346. 355. 357.]
 ...
 [392. 362. 371. ...   0.   0.   0.]
 [399. 365. 371. ...   0.   0.   0.]
 [405. 366. 369. ...   0.   0.   0.]]
[[  0.   2.   3. ... 374. 383. 389.]
 [  2.   7.   8. ... 361. 366. 369.]
 [  7.   8.  12. ... 346. 355. 357.]
 ...
 [392. 362. 371. ...   0.   0.   0.]
 [399. 365. 371. ...   0.   0.   0.]
 [405. 366. 369. ...   0.   0.   0.]]
[[  0.   2.   3. ... 374. 383. 389.]
 [  2.   7.   8. ... 361. 366. 369.]
 [  7.   8.  12. ... 346. 355. 357.]
 ...
 [392. 362. 371. ...   0.   0.   0.]
 [399. 365. 371. ...   0.   0.   0.]
 [405. 366. 369. ...   0.   0.   0.]]
[[  0.   2.   3. ... 374. 383. 389.]
 [  2.   7.   8. ... 361. 366. 369.]
 [  7.   8.  12. ... 346. 355. 357.]
 ...
 [392. 362. 371. ...   0.   0.   0.]
 [399. 365. 371. ...   0.   0.   0.]
 [405. 366. 369. ...   0.   0.   0.]]
[[  0.   2.   3. ... 374. 383. 389.]
 [  2.   7.   8. ... 361. 366. 369.]
 [  7.   8.  12. ... 346. 355. 357.]
 ...
 [392. 362. 371. ...   0.   0.   0.]
 [399. 365. 371. ...   0.   0.   0.]
 [405. 366. 369. ...   0.   0.   0.]]
[[  0.   2.   3. ... 374. 383. 389.]
 [  2.   7.   8. ... 361. 366. 369.]
 [  7.   8.  12. ... 346. 355. 357.]
 ...
 [392. 362. 371. ...   0.   0.   0.]
 [399. 365. 371. ...   0.   0.   0.]
 [405. 366. 369. ...   0.   0.   0.]]
[[  0.   2.   3. ... 374. 383. 389.]
 [  2.   7.   8. ... 361. 366. 369.]
 [  7.   8.  12. ... 346. 355. 357.]
 ...
 [392. 362. 371. ...   0.   0.   0.]
 [399. 365. 371. ...   0.   0.   0.]
 [405. 366. 369. ...   0.   0.   0.]]
[[  0.   2.   3. ... 374. 383. 389.]
 [  2.   7.   8. ... 361. 366. 369.]
 [  7.   8.  12. ... 346. 355. 357.]
 ...
 [392. 362. 371. ...   0.   0.   0.]
 [399. 365. 371. ...   0.   0.   0.]
 [405. 366. 369. ...   0.   0.   0.]]
[[  0.   2.   3. ... 374. 383. 389.]
 [  2.   7.   8. ... 361. 366. 369.]
 [  7.   8.  12. ... 346. 355. 357.]
 ...
 [392. 362. 371. ...   0.   0.   0.]
 [399. 365. 371. ...   0.   0.   0.]
 [405. 366. 369. ...   0.   0.   0.]]
[[  0.   2.   3. ... 374. 383. 389.]
 [  2.   7.   8. ... 361. 366. 369.]
 [  7.   8.  12. ... 346. 355. 357.]
 ...
 [392. 362. 371. ...   0.   0.   0.]
 [399. 365. 371. ...   0.   0.   0.]
 [405. 366. 369. ...   0.   0.   0.]]
[[  0.   2.   3. ... 374. 383. 389.]
 [  2.   7.   8. ... 361. 366. 369.]
 [  7.   8.  12. ... 346. 355. 357.]
 ...
 [392. 362. 371. ...   0.   0.   0.]
 [399. 365. 371. ...   0.   0.   0.]
 [405. 366. 369. ...   0.   0.   0.]]
[[  0.   2.   3. ... 374. 383. 389.]
 [  2.   7.   8. ... 361. 366. 369.]
 [  7.   8.  12. ... 346. 355. 357.]
 ...
 [392. 362. 371. ...   0.   0.   0.]
 [399. 365. 371. ...   0.   0.   0.]
 [405. 366. 369. ...   0.   0.   0.]]
[[  0.   2.   3. ... 374. 383. 389.]
 [  2.   7.   8. ... 361. 366. 369.]
 [  7.   8.  12. ... 346. 355. 357.]
 ...
 [392. 362. 371. ... 362.   0.   0.]
 [399. 365. 371. ...   0.   0.   0.]
 [405. 366. 369. ...   0.   0.   0.]]
[[  0.   2.   3. ... 374. 383. 389.]
 [  2.   7.   8. ... 361. 366. 369.]
 [  7.   8.  12. ... 346. 355. 357.]
 ...
 [392. 362. 371. ... 362. 365.   0.]
 [399. 365. 371. ... 365.   0.   0.]
 [405. 366. 369. ...   0.   0.   0.]]
[[  0.   2.   3. ... 374. 383. 389.]
 [  2.   7.   8. ... 361. 366. 369.]
 [  7.   8.  12. ... 346. 355. 357.]
 ...
 [392. 362. 371. ... 362. 365. 369.]
 [399. 365. 371. ... 365. 371.   0.]
 [405. 366. 369. ... 366.   0.   0.]]
[[  0.   2.   3. ... 374. 383. 389.]
 [  2.   7.   8. ... 361. 366. 369.]
 [  7.   8.  12. ... 346. 355. 357.]
 ...
 [392. 362. 371. ... 362. 365. 369.]
 [399. 365. 371. ... 365. 371. 374.]
 [405. 366. 369. ... 366. 367.   0.]]
[[  0.   2.   3. ... 374. 383. 389.]
 [  2.   7.   8. ... 361. 366. 369.]
 [  7.   8.  12. ... 346. 355. 357.]
 ...
 [392. 362. 371. ... 362. 365. 369.]
 [399. 365. 371. ... 365. 371. 374.]
 [405. 366. 369. ... 366. 367. 368.]]
